37
0 
0 
0 
0 
12 2.93836 3.07342 4.42073 4.56207 9.36181 9.48184 15.8026 15.9211 16.9693 17.0809 18.7854 18.9158 
0 
0 
4 8.70832 8.81839 16.3979 16.4973 
16 1.04274 1.14521 1.63809 1.72078 2.29731 2.39468 3.7379 3.8893 5.14649 5.30575 10.0348 10.1467 18.1066 18.1854 19.9546 20.0423 
2 13.9548 14.0431 
2 15.139 15.2106 
16 3.52278 3.66491 4.97096 5.14649 8.53961 8.66651 9.91381 10.0348 14.9387 15.0129 15.2986 15.3695 17.474 17.5692 19.3212 19.4496 
2 14.7221 14.7936 
2 14.5065 14.569 
2 14.2339 14.3209 
8 6.21103 6.28138 6.84263 6.94628 7.46615 7.56152 11.5105 11.6182 
4 8.06666 8.17194 12.9467 13.0346 
4 12.7871 12.9134 13.0662 13.1695 
2 12.645 12.7871 
2 12.3701 12.4651 
4 10.8583 11.0266 12.0509 12.1691 
0 
0 
0 
0 
0 
0 
0 
0 
0 
0 
0 
0 
0 
0 
0 
0 
